3 2 1 936 127 114 122 -1 -1 -1 -1 
3 2 2 1068 85 100 87 -1 -1 -1 -1 
3 2 3 1198 259 159 141 -1 -1 -1 -1 
3 2 4 760 259 126 158 -1 -1 -1 -1 
3 2 6 525 19 73 31 -1 -1 -1 -1 
4 2 1 937 135 115 118 -1 -1 -1 -1 
4 2 2 1069 88 100 85 -1 -1 -1 -1 
4 2 3 1197 264 164 139 -1 -1 -1 -1 
4 2 4 762 274 125 148 -1 -1 -1 -1 
4 2 6 524 20 74 32 -1 -1 -1 -1 
4 2 7 133 401 214 238 -1 -1 -1 -1 
5 2 1 938 136 113 117 -1 -1 -1 -1 
5 2 2 1069 88 100 86 -1 -1 -1 -1 
5 2 3 1198 265 163 138 -1 -1 -1 -1 
5 2 4 763 275 123 147 -1 -1 -1 -1 
5 2 6 523 20 76 32 -1 -1 -1 -1 
5 2 7 132 400 214 240 -1 -1 -1 -1 
6 2 1 939 141 121 119 -1 -1 -1 -1 
6 2 2 1070 88 103 92 -1 -1 -1 -1 
6 2 3 1203 273 168 140 -1 -1 -1 -1 
6 2 4 764 280 122 145 -1 -1 -1 -1 
6 2 6 522 17 72 40 -1 -1 -1 -1 
6 2 7 128 404 217 242 -1 -1 -1 -1 
7 2 1 942 146 121 123 -1 -1 -1 -1 
7 2 2 1072 92 104 91 -1 -1 -1 -1 
7 2 3 1215 274 159 152 -1 -1 -1 -1 
7 2 4 765 302 126 158 -1 -1 -1 -1 
7 2 6 520 16 73 43 -1 -1 -1 -1 
7 2 8 317 698 276 376 -1 -1 -1 -1 
8 2 1 945 151 120 125 -1 -1 -1 -1 
8 2 2 1072 94 106 91 -1 -1 -1 -1 
8 2 3 1213 280 174 151 -1 -1 -1 -1 
8 2 4 765 306 129 165 -1 -1 -1 -1 
8 2 6 518 20 75 41 -1 -1 -1 -1 
8 2 7 86 451 235 253 -1 -1 -1 -1 
8 2 8 305 717 284 347 -1 -1 -1 -1 
9 2 1 948 155 121 127 -1 -1 -1 -1 
9 2 2 1076 96 105 90 -1 -1 -1 -1 
9 2 3 1223 286 164 150 -1 -1 -1 -1 
9 2 4 765 315 132 174 -1 -1 -1 -1 
9 2 6 515 19 73 45 -1 -1 -1 -1 
9 2 7 77 463 236 256 -1 -1 -1 -1 
9 2 8 298 738 283 341 -1 -1 -1 -1 
10 2 1 947 155 123 128 -1 -1 -1 -1 
10 2 2 1075 96 107 91 -1 -1 -1 -1 
10 2 3 1223 287 164 149 -1 -1 -1 -1 
10 2 4 764 316 133 173 -1 -1 -1 -1 
10 2 6 514 19 75 45 -1 -1 -1 -1 
10 2 7 75 463 237 257 -1 -1 -1 -1 
10 2 10 1005 15 72 42 -1 -1 -1 -1 
11 2 1 955 159 123 140 -1 -1 -1 -1 
11 2 2 1083 98 101 93 -1 -1 -1 -1 
11 2 3 1234 294 166 156 -1 -1 -1 -1 
11 2 4 762 332 136 181 -1 -1 -1 -1 
11 2 6 513 19 73 51 -1 -1 -1 -1 
11 2 7 62 482 242 273 -1 -1 -1 -1 
11 2 10 1008 15 69 46 -1 -1 -1 -1 
12 2 1 954 163 129 141 -1 -1 -1 -1 
12 2 2 1085 98 101 95 -1 -1 -1 -1 
12 2 3 1234 296 173 156 -1 -1 -1 -1 
12 2 4 762 339 139 184 -1 -1 -1 -1 
12 2 6 512 22 72 51 -1 -1 -1 -1 
12 2 7 55 499 240 277 -1 -1 -1 -1 
12 2 10 1008 16 71 47 -1 -1 -1 -1 
13 2 1 954 167 134 141 -1 -1 -1 -1 
13 2 2 1085 99 103 96 -1 -1 -1 -1 
13 2 3 1238 301 176 160 -1 -1 -1 -1 
13 2 4 765 351 142 193 -1 -1 -1 -1 
13 2 6 512 23 69 53 -1 -1 -1 -1 
13 2 7 54 509 235 292 -1 -1 -1 -1 
13 2 10 1008 16 73 48 -1 -1 -1 -1 
13 2 12 1151 12 73 47 -1 -1 -1 -1 
14 2 1 958 172 130 144 -1 -1 -1 -1 
14 2 2 1085 99 106 98 -1 -1 -1 -1 
14 2 3 1240 305 180 165 -1 -1 -1 -1 
14 2 4 765 359 144 197 -1 -1 -1 -1 
14 2 6 510 25 71 53 -1 -1 -1 -1 
14 2 7 55 524 221 294 -1 -1 -1 -1 
14 2 10 1010 16 73 49 -1 -1 -1 -1 
14 2 12 1153 15 82 48 -1 -1 -1 -1 
15 2 1 957 172 131 145 -1 -1 -1 -1 
15 2 2 1086 98 105 100 -1 -1 -1 -1 
15 2 3 1239 304 182 166 -1 -1 -1 -1 
15 2 6 510 26 71 52 -1 -1 -1 -1 
15 2 7 55 525 221 293 -1 -1 -1 -1 
15 2 10 1010 16 74 49 -1 -1 -1 -1 
15 2 12 1153 15 82 49 -1 -1 -1 -1 
16 2 1 964 184 132 150 -1 -1 -1 -1 
16 2 2 1088 105 107 99 -1 -1 -1 -1 
16 2 3 1251 316 178 165 -1 -1 -1 -1 
16 2 4 763 386 148 201 -1 -1 -1 -1 
16 2 6 507 27 72 59 -1 -1 -1 -1 
16 2 7 55 553 212 312 -1 -1 -1 -1 
16 2 10 1009 14 76 52 -1 -1 -1 -1 
16 2 12 1166 15 78 58 -1 -1 -1 -1 
16 2 13 780 14 69 48 -1 -1 -1 -1 
17 2 1 961 190 139 156 -1 -1 -1 -1 
17 2 2 1092 107 105 99 -1 -1 -1 -1 
17 2 3 1251 320 182 166 -1 -1 -1 -1 
17 2 4 763 397 155 203 -1 -1 -1 -1 
17 2 6 504 28 77 61 -1 -1 -1 -1 
17 2 7 55 571 205 321 -1 -1 -1 -1 
17 2 10 1011 14 79 53 -1 -1 -1 -1 
17 2 12 1169 17 78 59 -1 -1 -1 -1 
17 2 13 779 15 68 49 -1 -1 -1 -1 
18 2 1 962 195 142 159 -1 -1 -1 -1 
18 2 2 1094 109 105 98 -1 -1 -1 -1 
18 2 3 1254 327 184 169 -1 -1 -1 -1 
18 2 4 761 406 153 217 -1 -1 -1 -1 
18 2 6 501 27 78 64 -1 -1 -1 -1 
18 2 7 57 585 189 327 -1 -1 -1 -1 
18 2 10 1014 15 75 52 -1 -1 -1 -1 
18 2 12 1173 18 78 64 -1 -1 -1 -1 
18 2 13 781 15 71 51 -1 -1 -1 -1 
19 2 1 965 204 142 155 -1 -1 -1 -1 
19 2 2 1094 109 108 99 -1 -1 -1 -1 
19 2 3 1259 332 188 170 -1 -1 -1 -1 
19 2 4 762 418 154 223 -1 -1 -1 -1 
19 2 6 500 24 80 71 -1 -1 -1 -1 
19 2 7 57 602 178 340 -1 -1 -1 -1 
19 2 10 1015 16 76 54 -1 -1 -1 -1 
19 2 12 1175 18 80 70 -1 -1 -1 -1 
19 2 13 779 12 74 57 -1 -1 -1 -1 
19 2 14 661 9 61 39 -1 -1 -1 -1 
20 2 1 965 205 142 154 -1 -1 -1 -1 
20 2 2 1093 109 110 100 -1 -1 -1 -1 
20 2 3 1258 333 190 169 -1 -1 -1 -1 
20 2 4 761 418 157 224 -1 -1 -1 -1 
20 2 6 499 24 82 71 -1 -1 -1 -1 
20 2 7 55 603 179 340 -1 -1 -1 -1 
20 2 10 1015 17 77 54 -1 -1 -1 -1 
20 2 12 1174 19 82 70 -1 -1 -1 -1 
20 2 13 779 12 74 58 -1 -1 -1 -1 
20 2 14 660 10 63 39 -1 -1 -1 -1 
21 2 1 977 214 140 159 -1 -1 -1 -1 
21 2 2 1093 108 114 107 -1 -1 -1 -1 
21 2 3 1269 339 189 186 -1 -1 -1 -1 
21 2 4 761 426 158 229 -1 -1 -1 -1 
21 2 6 494 26 84 73 -1 -1 -1 -1 
21 2 7 53 615 174 347 -1 -1 -1 -1 
21 2 10 1016 16 82 59 -1 -1 -1 -1 
21 2 12 1185 23 85 73 -1 -1 -1 -1 
22 2 1 974 222 148 160 -1 -1 -1 -1 
22 2 2 1093 110 117 108 -1 -1 -1 -1 
22 2 3 1269 344 201 184 -1 -1 -1 -1 
22 2 4 762 464 170 235 -1 -1 -1 -1 
22 2 6 492 31 83 72 -1 -1 -1 -1 
22 2 10 1016 17 84 61 -1 -1 -1 -1 
22 2 12 1190 25 89 75 -1 -1 -1 -1 
22 2 13 778 13 78 66 -1 -1 -1 -1 
22 2 14 655 15 67 40 -1 -1 -1 -1 
23 2 1 983 228 145 162 -1 -1 -1 -1 
23 2 2 1093 113 115 108 -1 -1 -1 -1 
23 2 3 1272 350 202 186 -1 -1 -1 -1 
23 2 4 765 475 171 248 -1 -1 -1 -1 
23 2 6 489 33 83 74 -1 -1 -1 -1 
23 2 10 1018 18 81 61 -1 -1 -1 -1 
23 2 12 1191 28 98 76 -1 -1 -1 -1 
23 2 13 779 14 78 68 -1 -1 -1 -1 
23 2 14 654 15 67 43 -1 -1 -1 -1 
24 2 1 983 232 149 168 -1 -1 -1 -1 
24 2 2 1096 115 115 109 -1 -1 -1 -1 
24 2 3 1278 359 202 185 -1 -1 -1 -1 
24 2 4 764 489 174 257 -1 -1 -1 -1 
24 2 6 488 35 82 75 -1 -1 -1 -1 
24 2 10 1021 19 76 62 -1 -1 -1 -1 
24 2 12 1201 35 97 78 -1 -1 -1 -1 
24 2 13 779 18 78 67 -1 -1 -1 -1 
24 2 14 655 16 64 45 -1 -1 -1 -1 
25 2 1 982 231 151 170 -1 -1 -1 -1 
25 2 2 1095 116 117 109 -1 -1 -1 -1 
25 2 3 1278 359 202 185 -1 -1 -1 -1 
25 2 4 763 489 176 258 -1 -1 -1 -1 
25 2 6 488 36 82 74 -1 -1 -1 -1 
25 2 10 1020 20 78 62 -1 -1 -1 -1 
25 2 12 1201 36 97 78 -1 -1 -1 -1 
25 2 13 779 19 78 67 -1 -1 -1 -1 
25 2 14 654 16 66 45 -1 -1 -1 -1 
26 2 1 989 242 151 178 -1 -1 -1 -1 
26 2 2 1103 119 113 113 -1 -1 -1 -1 
26 2 3 1282 370 207 188 -1 -1 -1 -1 
26 2 4 763 514 183 277 -1 -1 -1 -1 
26 2 6 485 39 84 78 -1 -1 -1 -1 
26 2 10 1023 20 74 65 -1 -1 -1 -1 
26 2 12 1212 43 95 77 -1 -1 -1 -1 
26 2 13 780 19 76 70 -1 -1 -1 -1 
26 2 14 651 17 68 48 -1 -1 -1 -1 
27 2 1 992 248 152 181 -1 -1 -1 -1 
27 2 2 1104 118 115 111 -1 -1 -1 -1 
27 2 3 1289 375 208 198 -1 -1 -1 -1 
27 2 4 765 522 183 295 -1 -1 -1 -1 
27 2 6 484 45 83 74 -1 -1 -1 -1 
27 2 10 1024 21 75 69 -1 -1 -1 -1 
27 2 12 1219 52 92 73 -1 -1 -1 -1 
27 2 13 781 20 76 72 -1 -1 -1 -1 
27 2 14 650 17 67 51 -1 -1 -1 -1 
28 2 1 998 259 150 186 -1 -1 -1 -1 
28 2 2 1105 125 117 108 -1 -1 -1 -1 
28 2 3 1297 381 209 197 -1 -1 -1 -1 
28 2 4 764 543 189 300 -1 -1 -1 -1 
28 2 6 479 47 87 74 -1 -1 -1 -1 
28 2 10 1027 22 75 70 -1 -1 -1 -1 
28 2 12 1225 55 94 79 -1 -1 -1 -1 
28 2 13 782 22 75 72 -1 -1 -1 -1 
28 2 14 652 16 62 54 -1 -1 -1 -1 
29 2 1 996 265 160 190 -1 -1 -1 -1 
29 2 2 1107 124 120 117 -1 -1 -1 -1 
29 2 3 1302 386 211 200 -1 -1 -1 -1 
29 2 4 763 566 191 306 -1 -1 -1 -1 
29 2 6 479 51 86 74 -1 -1 -1 -1 
29 2 10 1028 21 75 74 -1 -1 -1 -1 
29 2 12 1234 62 94 80 -1 -1 -1 -1 
29 2 13 787 22 70 73 -1 -1 -1 -1 
29 2 14 651 16 63 56 -1 -1 -1 -1 
30 2 1 995 266 161 190 -1 -1 -1 -1 
30 2 2 1106 124 122 118 -1 -1 -1 -1 
30 2 3 1301 385 213 202 -1 -1 -1 -1 
30 2 4 762 567 192 307 -1 -1 -1 -1 
30 2 6 478 52 87 74 -1 -1 -1 -1 
30 2 10 1026 21 78 74 -1 -1 -1 -1 
30 2 12 1234 63 94 80 -1 -1 -1 -1 
30 2 13 786 22 72 73 -1 -1 -1 -1 
30 2 14 650 17 65 56 -1 -1 -1 -1 
31 2 1 998 278 170 200 -1 -1 -1 -1 
31 2 2 1116 134 116 109 -1 -1 -1 -1 
31 2 3 1314 398 214 204 -1 -1 -1 -1 
31 2 4 768 612 196 321 -1 -1 -1 -1 
31 2 6 474 59 88 78 -1 -1 -1 -1 
31 2 10 1027 22 79 73 -1 -1 -1 -1 
31 2 12 1243 78 103 72 -1 -1 -1 -1 
31 2 13 786 21 75 80 -1 -1 -1 -1 
31 2 14 651 21 63 58 -1 -1 -1 -1 
32 2 1 998 282 175 211 -1 -1 -1 -1 
32 2 2 1114 137 121 108 -1 -1 -1 -1 
32 2 3 1317 403 220 213 -1 -1 -1 -1 
32 2 4 766 634 202 327 -1 -1 -1 -1 
32 2 6 471 65 88 76 -1 -1 -1 -1 
32 2 10 1028 23 78 73 -1 -1 -1 -1 
32 2 12 1257 80 92 76 -1 -1 -1 -1 
32 2 13 784 23 78 80 -1 -1 -1 -1 
32 2 14 650 25 64 58 -1 -1 -1 -1 
33 2 1 1007 291 174 209 -1 -1 -1 -1 
33 2 2 1116 138 122 110 -1 -1 -1 -1 
33 2 3 1316 413 230 215 -1 -1 -1 -1 
33 2 4 767 650 204 335 -1 -1 -1 -1 
33 2 6 471 68 86 75 -1 -1 -1 -1 
33 2 10 1029 24 77 72 -1 -1 -1 -1 
33 2 12 1260 85 95 77 -1 -1 -1 -1 
33 2 13 786 24 74 81 -1 -1 -1 -1 
34 2 1 1012 304 172 202 -1 -1 -1 -1 
34 2 2 1118 140 122 112 -1 -1 -1 -1 
34 2 3 1322 418 237 220 -1 -1 -1 -1 
34 2 4 768 682 210 352 -1 -1 -1 -1 
34 2 6 468 70 88 76 -1 -1 -1 -1 
34 2 10 1031 24 75 73 -1 -1 -1 -1 
34 2 12 1264 91 101 79 -1 -1 -1 -1 
34 2 13 784 27 77 80 -1 -1 -1 -1 
34 2 14 648 22 68 67 -1 -1 -1 -1 
35 2 1 1012 305 172 201 -1 -1 -1 -1 
35 2 2 1118 139 122 114 -1 -1 -1 -1 
35 2 3 1321 417 239 222 -1 -1 -1 -1 
35 2 4 767 682 213 353 -1 -1 -1 -1 
35 2 6 467 70 90 76 -1 -1 -1 -1 
35 2 10 1030 24 76 74 -1 -1 -1 -1 
35 2 12 1263 91 103 80 -1 -1 -1 -1 
35 2 13 784 28 77 79 -1 -1 -1 -1 
35 2 14 647 22 70 68 -1 -1 -1 -1 
36 2 1 1024 317 171 218 -1 -1 -1 -1 
36 2 2 1122 145 124 111 -1 -1 -1 -1 
36 2 3 1334 431 240 222 -1 -1 -1 -1 
36 2 4 768 732 222 335 -1 -1 -1 -1 
36 2 6 466 74 86 79 -1 -1 -1 -1 
36 2 10 1029 24 85 75 -1 -1 -1 -1 
36 2 12 1280 100 107 86 -1 -1 -1 -1 
36 2 13 786 31 72 82 -1 -1 -1 -1 
36 2 14 648 23 68 71 -1 -1 -1 -1 
37 2 1 1028 323 175 228 -1 -1 -1 -1 
37 2 2 1126 150 119 110 -1 -1 -1 -1 
37 2 3 1344 443 235 224 -1 -1 -1 -1 
37 2 4 768 751 227 328 -1 -1 -1 -1 
37 2 6 460 78 92 79 -1 -1 -1 -1 
37 2 10 1030 25 87 75 -1 -1 -1 -1 
37 2 12 1286 106 106 91 -1 -1 -1 -1 
37 2 13 787 32 71 84 -1 -1 -1 -1 
38 2 1 1032 329 177 233 -1 -1 -1 -1 
38 2 2 1132 152 117 110 -1 -1 -1 -1 
38 2 3 1351 450 237 228 -1 -1 -1 -1 
38 2 6 455 83 92 79 -1 -1 -1 -1 
38 2 10 1032 26 85 75 -1 -1 -1 -1 
38 2 12 1296 113 103 89 -1 -1 -1 -1 
38 2 13 785 33 73 84 -1 -1 -1 -1 
39 2 2 1131 152 117 114 -1 -1 -1 -1 
39 2 3 1355 452 241 234 -1 -1 -1 -1 
39 2 6 456 87 88 79 -1 -1 -1 -1 
39 2 10 1036 29 80 73 -1 -1 -1 -1 
39 2 12 1308 118 101 90 -1 -1 -1 -1 
39 2 13 785 34 76 88 -1 -1 -1 -1 
39 2 14 645 29 71 78 -1 -1 -1 -1 
40 2 2 1130 152 119 115 -1 -1 -1 -1 
40 2 3 1354 451 243 236 -1 -1 -1 -1 
40 2 6 455 88 90 79 -1 -1 -1 -1 
40 2 10 1036 30 80 73 -1 -1 -1 -1 
40 2 12 1307 119 103 90 -1 -1 -1 -1 
40 2 13 784 35 78 88 -1 -1 -1 -1 
40 2 14 645 30 71 77 -1 -1 -1 -1 
41 2 2 1137 155 122 119 -1 -1 -1 -1 
41 2 3 1362 473 260 234 -1 -1 -1 -1 
41 2 6 448 92 93 82 -1 -1 -1 -1 
41 2 10 1039 31 78 74 -1 -1 -1 -1 
41 2 12 1327 134 110 92 -1 -1 -1 -1 
41 2 13 785 44 78 83 -1 -1 -1 -1 
41 2 14 644 32 67 79 -1 -1 -1 -1 
41 2 16 548 10 66 35 -1 -1 -1 -1 
42 2 1 1043 371 199 247 -1 -1 -1 -1 
42 2 2 1138 157 123 120 -1 -1 -1 -1 
42 2 3 1369 479 258 241 -1 -1 -1 -1 
42 2 6 442 98 98 83 -1 -1 -1 -1 
42 2 10 1040 32 78 75 -1 -1 -1 -1 
42 2 12 1331 143 114 95 -1 -1 -1 -1 
42 2 13 784 47 79 84 -1 -1 -1 -1 
42 2 14 644 33 66 81 -1 -1 -1 -1 
42 2 16 547 14 70 33 -1 -1 -1 -1 
43 2 1 1048 382 199 261 -1 -1 -1 -1 
43 2 2 1138 156 126 126 -1 -1 -1 -1 
43 2 3 1381 482 255 249 -1 -1 -1 -1 
43 2 6 441 100 98 84 -1 -1 -1 -1 
43 2 10 1042 32 75 78 -1 -1 -1 -1 
43 2 12 1336 147 118 99 -1 -1 -1 -1 
43 2 13 786 49 78 85 -1 -1 -1 -1 
43 2 14 642 37 67 80 -1 -1 -1 -1 
43 2 16 548 17 68 32 -1 -1 -1 -1 
44 2 1 1052 391 200 266 -1 -1 -1 -1 
44 2 2 1139 158 128 128 -1 -1 -1 -1 
44 2 3 1388 490 263 253 -1 -1 -1 -1 
44 2 6 441 102 97 86 -1 -1 -1 -1 
44 2 10 1040 32 79 80 -1 -1 -1 -1 
44 2 12 1347 153 120 101 -1 -1 -1 -1 
44 2 13 785 51 79 88 -1 -1 -1 -1 
44 2 14 639 43 71 82 -1 -1 -1 -1 
44 2 16 550 19 62 32 -1 -1 -1 -1 
45 2 1 1051 392 202 266 -1 -1 -1 -1 
45 2 2 1139 159 128 127 -1 -1 -1 -1 
45 2 3 1388 490 263 253 -1 -1 -1 -1 
45 2 6 440 102 99 87 -1 -1 -1 -1 
45 2 10 1039 32 81 80 -1 -1 -1 -1 
45 2 12 1347 154 120 100 -1 -1 -1 -1 
45 2 13 784 51 81 89 -1 -1 -1 -1 
45 2 14 638 44 73 82 -1 -1 -1 -1 
45 2 16 549 19 64 33 -1 -1 -1 -1 
46 2 1 1061 416 213 278 -1 -1 -1 -1 
46 2 2 1147 165 127 126 -1 -1 -1 -1 
46 2 3 1396 509 283 263 -1 -1 -1 -1 
46 2 6 436 109 98 88 -1 -1 -1 -1 
46 2 10 1042 44 84 71 -1 -1 -1 -1 
46 2 12 1368 167 132 112 -1 -1 -1 -1 
46 2 13 786 60 79 84 -1 -1 -1 -1 
46 2 14 634 46 74 84 -1 -1 -1 -1 
46 2 16 549 20 64 34 -1 -1 -1 -1 
47 5 1 1066 429 220 281 -1 -1 -1 -1 
47 2 2 1153 167 121 124 -1 -1 -1 -1 
47 2 3 1399 523 289 261 -1 -1 -1 -1 
47 2 6 432 114 100 88 -1 -1 -1 -1 
47 2 10 1044 47 84 70 -1 -1 -1 -1 
47 2 12 1373 177 137 112 -1 -1 -1 -1 
47 2 13 786 60 82 90 -1 -1 -1 -1 
47 2 14 636 51 72 86 -1 -1 -1 -1 
48 5 1 1074 446 216 294 -1 -1 -1 -1 
48 2 2 1152 168 131 130 -1 -1 -1 -1 
48 2 3 1408 533 283 264 -1 -1 -1 -1 
48 2 6 430 118 100 89 -1 -1 -1 -1 
48 2 10 1049 47 79 71 -1 -1 -1 -1 
48 2 12 1387 187 142 112 -1 -1 -1 -1 
48 2 13 785 62 85 92 -1 -1 -1 -1 
48 2 14 634 56 73 85 -1 -1 -1 -1 
48 2 16 542 19 70 42 -1 -1 -1 -1 
48 2 18 888 17 69 42 -1 -1 -1 -1 
49 5 1 1077 453 226 300 -1 -1 -1 -1 
49 2 2 1153 171 133 129 -1 -1 -1 -1 
49 2 3 1417 539 286 272 -1 -1 -1 -1 
49 2 6 430 122 97 90 -1 -1 -1 -1 
49 2 10 1050 47 80 72 -1 -1 -1 -1 
49 2 12 1397 194 141 114 -1 -1 -1 -1 
49 2 13 785 67 83 86 -1 -1 -1 -1 
49 2 14 633 58 73 86 -1 -1 -1 -1 
49 2 16 539 18 67 46 -1 -1 -1 -1 
49 2 18 891 18 63 44 -1 -1 -1 -1 
50 5 1 1077 453 227 300 -1 -1 -1 -1 
50 2 2 1153 172 133 128 -1 -1 -1 -1 
50 2 3 1416 538 288 274 -1 -1 -1 -1 
50 2 6 430 122 96 90 -1 -1 -1 -1 
50 2 10 1050 47 80 72 -1 -1 -1 -1 
50 2 12 1396 194 143 115 -1 -1 -1 -1 
50 2 13 785 68 83 85 -1 -1 -1 -1 
50 2 14 633 59 73 85 -1 -1 -1 -1 
50 2 16 538 18 69 46 -1 -1 -1 -1 
50 2 18 890 18 65 45 -1 -1 -1 -1 
51 5 1 1081 461 230 306 -1 -1 -1 -1 
51 2 2 1156 180 138 125 -1 -1 -1 -1 
51 2 3 1440 554 293 286 -1 -1 -1 -1 
51 2 6 421 129 102 90 -1 -1 -1 -1 
51 2 10 1055 48 77 73 -1 -1 -1 -1 
51 2 12 1421 211 155 130 -1 -1 -1 -1 
51 2 13 787 71 81 90 -1 -1 -1 -1 
51 2 14 629 69 77 82 -1 -1 -1 -1 
51 2 16 538 16 65 52 -1 -1 -1 -1 
52 5 1 1094 499 243 319 -1 -1 -1 -1 
52 2 2 1161 184 133 125 -1 -1 -1 -1 
52 2 3 1443 566 297 288 -1 -1 -1 -1 
52 2 6 421 135 101 91 -1 -1 -1 -1 
52 2 10 1053 48 85 75 -1 -1 -1 -1 
52 2 12 1429 222 162 128 -1 -1 -1 -1 
52 2 13 787 70 81 95 -1 -1 -1 -1 
52 2 14 629 72 76 83 -1 -1 -1 -1 
52 2 16 536 16 68 57 -1 -1 -1 -1 
52 2 18 890 14 68 54 -1 -1 -1 -1 
53 5 1 1101 510 247 331 -1 -1 -1 -1 
53 2 2 1163 187 136 127 -1 -1 -1 -1 
53 2 3 1452 567 304 299 -1 -1 -1 -1 
53 2 6 415 141 106 92 -1 -1 -1 -1 
53 2 10 1054 48 87 76 -1 -1 -1 -1 
53 2 12 1442 233 161 131 -1 -1 -1 -1 
53 2 13 787 73 84 96 -1 -1 -1 -1 
53 2 14 628 76 76 83 -1 -1 -1 -1 
53 2 16 533 17 72 58 -1 -1 -1 -1 
53 2 18 890 14 69 55 -1 -1 -1 -1 
54 5 1 1104 521 259 347 -1 -1 -1 -1 
54 2 2 1168 191 133 129 -1 -1 -1 -1 
54 2 3 1457 574 322 312 -1 -1 -1 -1 
54 2 6 411 143 107 95 -1 -1 -1 -1 
54 2 10 1053 48 91 80 -1 -1 -1 -1 
54 2 12 1463 245 159 138 -1 -1 -1 -1 
54 2 13 786 76 88 99 -1 -1 -1 -1 
54 2 14 629 76 74 88 -1 -1 -1 -1 
54 2 16 531 20 73 57 -1 -1 -1 -1 
54 2 18 891 13 68 58 -1 -1 -1 -1 
55 5 1 1103 521 261 348 -1 -1 -1 -1 
55 2 2 1167 191 135 130 -1 -1 -1 -1 
55 2 3 1456 573 324 314 -1 -1 -1 -1 
55 2 6 410 143 109 96 -1 -1 -1 -1 
55 2 10 1052 48 93 81 -1 -1 -1 -1 
55 2 12 1462 245 162 139 -1 -1 -1 -1 
55 2 13 785 77 90 99 -1 -1 -1 -1 
55 2 14 628 76 76 89 -1 -1 -1 -1 
55 2 16 531 21 74 57 -1 -1 -1 -1 
55 2 18 890 13 70 59 -1 -1 -1 -1 
56 5 1 1113 556 284 370 -1 -1 -1 -1 
56 2 2 1170 191 139 134 -1 -1 -1 -1 
56 2 3 1477 601 330 321 -1 -1 -1 -1 
56 2 6 407 152 109 99 -1 -1 -1 -1 
56 2 10 1056 50 88 82 -1 -1 -1 -1 
56 2 12 1486 266 176 146 -1 -1 -1 -1 
56 2 13 781 85 96 95 -1 -1 -1 -1 
56 2 14 625 84 81 90 -1 -1 -1 -1 
56 2 16 529 23 75 60 -1 -1 -1 -1 
56 2 18 891 16 73 61 -1 -1 -1 -1 
57 5 1 1118 569 291 378 -1 -1 -1 -1 
57 2 2 1174 193 139 136 -1 -1 -1 -1 
57 2 3 1483 615 337 320 -1 -1 -1 -1 
57 2 6 402 159 114 97 -1 -1 -1 -1 
57 2 10 1057 53 90 82 -1 -1 -1 -1 
57 2 12 1510 277 169 157 -1 -1 -1 -1 
57 2 13 786 88 93 95 -1 -1 -1 -1 
57 2 14 622 85 82 93 -1 -1 -1 -1 
57 2 16 527 27 76 60 -1 -1 -1 -1 
58 5 1 1128 604 295 376 -1 -1 -1 -1 
58 2 2 1177 196 136 138 -1 -1 -1 -1 
58 2 3 1489 618 342 333 -1 -1 -1 -1 
58 2 6 400 161 110 100 -1 -1 -1 -1 
58 2 10 1059 58 88 78 -1 -1 -1 -1 
58 2 12 1521 287 185 162 -1 -1 -1 -1 
58 2 13 788 89 89 100 -1 -1 -1 -1 
58 2 14 620 89 84 95 -1 -1 -1 -1 
58 2 16 525 26 76 64 -1 -1 -1 -1 
58 2 18 895 18 70 64 -1 -1 -1 -1 
59 5 1 1133 611 302 405 -1 -1 -1 -1 
59 2 2 1177 200 142 138 -1 -1 -1 -1 
59 2 3 1501 626 345 348 -1 -1 -1 -1 
59 2 6 390 165 117 102 -1 -1 -1 -1 
59 2 10 1060 61 88 77 -1 -1 -1 -1 
59 2 12 1536 296 195 173 -1 -1 -1 -1 
59 2 13 786 94 90 100 -1 -1 -1 -1 
59 2 14 619 97 86 92 -1 -1 -1 -1 
59 2 16 524 27 76 63 -1 -1 -1 -1 
59 2 18 894 18 73 67 -1 -1 -1 -1 
60 5 1 1132 610 305 408 -1 -1 -1 -1 
60 2 2 1177 200 142 138 -1 -1 -1 -1 
60 2 3 1500 624 348 351 -1 -1 -1 -1 
60 2 6 390 165 116 102 -1 -1 -1 -1 
60 2 10 1060 63 88 76 -1 -1 -1 -1 
60 2 12 1535 296 197 174 -1 -1 -1 -1 
60 2 13 786 95 90 99 -1 -1 -1 -1 
60 2 14 619 97 86 92 -1 -1 -1 -1 
60 2 16 524 27 76 63 -1 -1 -1 -1 
60 2 18 894 19 73 67 -1 -1 -1 -1 
61 5 1 1137 622 311 418 -1 -1 -1 -1 
61 2 2 1185 203 147 150 -1 -1 -1 -1 
61 2 3 1522 655 337 352 -1 -1 -1 -1 
61 2 6 386 170 117 109 -1 -1 -1 -1 
61 2 10 1064 65 88 78 -1 -1 -1 -1 
61 2 12 1565 328 211 177 -1 -1 -1 -1 
61 2 13 787 102 91 98 -1 -1 -1 -1 
61 2 14 616 107 85 90 -1 -1 -1 -1 
61 2 16 522 28 74 65 -1 -1 -1 -1 
62 2 1 1163 668 319 400 -1 -1 -1 -1 
62 2 2 1185 209 152 144 -1 -1 -1 -1 
62 2 3 1534 667 330 368 -1 -1 -1 -1 
62 2 6 381 174 119 112 -1 -1 -1 -1 
62 2 10 1062 64 94 81 -1 -1 -1 -1 
62 2 12 1591 339 213 193 -1 -1 -1 -1 
62 2 13 784 106 98 98 -1 -1 -1 -1 
62 2 14 614 110 86 91 -1 -1 -1 -1 
62 2 16 520 29 77 66 -1 -1 -1 -1 
62 2 18 896 21 77 73 -1 -1 -1 -1 
63 2 1 1170 688 336 382 -1 -1 -1 -1 
63 2 2 1193 213 145 140 -1 -1 -1 -1 
63 2 3 1538 687 323 366 -1 -1 -1 -1 
63 2 6 379 178 118 117 -1 -1 -1 -1 
63 2 10 1067 65 88 82 -1 -1 -1 -1 
63 2 12 1609 365 222 185 -1 -1 -1 -1 
63 2 13 787 109 94 98 -1 -1 -1 -1 
63 2 14 614 111 84 95 -1 -1 -1 -1 
63 2 16 519 29 78 68 -1 -1 -1 -1 
63 2 18 897 22 77 74 -1 -1 -1 -1 
64 2 1 1180 707 335 358 -1 -1 -1 -1 
64 2 2 1191 213 148 147 -1 -1 -1 -1 
64 2 3 1548 695 315 369 -1 -1 -1 -1 
64 2 6 370 186 124 111 -1 -1 -1 -1 
64 2 10 1067 67 89 81 -1 -1 -1 -1 
64 2 12 1632 379 225 195 -1 -1 -1 -1 
64 2 13 788 111 94 101 -1 -1 -1 -1 
64 2 14 614 115 82 96 -1 -1 -1 -1 
64 2 16 519 30 76 69 -1 -1 -1 -1 
64 2 18 898 23 79 74 -1 -1 -1 -1 
65 2 1 1181 710 334 353 -1 -1 -1 -1 
65 7 2 1191 212 147 150 -1 -1 -1 -1 
65 2 3 1548 695 314 369 -1 -1 -1 -1 
65 2 6 370 187 124 110 -1 -1 -1 -1 
65 2 10 1067 67 89 81 -1 -1 -1 -1 
65 2 12 1631 379 227 196 -1 -1 -1 -1 
65 2 13 787 111 95 102 -1 -1 -1 -1 
65 2 14 614 116 82 96 -1 -1 -1 -1 
65 2 16 518 30 78 70 -1 -1 -1 -1 
65 2 18 899 24 78 73 -1 -1 -1 -1 
66 2 1 1202 761 313 303 -1 -1 -1 -1 
66 2 2 1198 219 150 156 -1 -1 -1 -1 
66 2 3 1569 724 290 344 -1 -1 -1 -1 
66 2 6 365 196 126 114 -1 -1 -1 -1 
66 2 10 1073 69 86 82 -1 -1 -1 -1 
66 2 12 1676 413 189 219 -1 -1 -1 -1 
66 2 13 788 115 95 106 -1 -1 -1 -1 
66 2 14 612 119 84 106 -1 -1 -1 -1 
66 2 16 516 33 78 73 -1 -1 -1 -1 
66 2 18 901 27 80 74 -1 -1 -1 -1 
67 2 1 1213 781 311 297 -1 -1 -1 -1 
67 2 2 1198 223 153 157 -1 -1 -1 -1 
67 2 3 1578 736 288 343 -1 -1 -1 -1 
67 2 6 359 196 131 119 -1 -1 -1 -1 
67 2 10 1072 72 91 82 -1 -1 -1 -1 
67 2 12 1701 431 163 224 -1 -1 -1 -1 
67 2 13 784 119 98 103 -1 -1 -1 -1 
67 2 14 608 123 90 109 -1 -1 -1 -1 
68 2 2 1200 229 157 155 -1 -1 -1 -1 
68 2 6 354 200 134 121 -1 -1 -1 -1 
68 2 10 1074 73 90 82 -1 -1 -1 -1 
68 2 12 1727 454 137 222 -1 -1 -1 -1 
68 2 13 781 122 101 107 -1 -1 -1 -1 
68 2 14 603 136 94 105 -1 -1 -1 -1 
68 2 16 513 40 81 72 -1 -1 -1 -1 
69 2 2 1201 235 158 150 -1 -1 -1 -1 
69 2 6 357 208 130 123 -1 -1 -1 -1 
69 2 10 1073 74 92 82 -1 -1 -1 -1 
69 2 12 1748 468 128 227 -1 -1 -1 -1 
69 2 13 782 125 101 110 -1 -1 -1 -1 
69 2 14 604 142 91 102 -1 -1 -1 -1 
69 2 16 511 44 83 72 -1 -1 -1 -1 
70 2 2 1201 236 158 149 -1 -1 -1 -1 
70 2 6 357 209 130 123 -1 -1 -1 -1 
70 2 10 1074 72 90 84 -1 -1 -1 -1 
70 2 13 781 126 102 110 -1 -1 -1 -1 
70 2 14 604 143 91 101 -1 -1 -1 -1 
70 2 16 512 45 82 72 -1 -1 -1 -1 
70 2 18 908 36 76 75 -1 -1 -1 -1 
71 2 2 1213 241 156 157 -1 -1 -1 -1 
71 2 3 1625 793 242 277 -1 -1 -1 -1 
71 2 6 343 218 135 129 -1 -1 -1 -1 
71 2 10 1075 78 92 81 -1 -1 -1 -1 
71 2 13 788 136 102 110 -1 -1 -1 -1 
71 2 14 602 144 90 112 -1 -1 -1 -1 
71 2 16 505 46 84 76 -1 -1 -1 -1 
71 2 18 911 37 75 78 -1 -1 -1 -1 
72 2 2 1216 244 160 158 -1 -1 -1 -1 
72 2 3 1641 808 222 263 -1 -1 -1 -1 
72 2 6 338 223 138 131 -1 -1 -1 -1 
72 2 10 1073 80 97 80 -1 -1 -1 -1 
72 2 13 788 139 103 111 -1 -1 -1 -1 
72 2 14 598 153 96 111 -1 -1 -1 -1 
72 2 16 502 46 87 80 -1 -1 -1 -1 
72 2 18 911 38 78 80 -1 -1 -1 -1 
73 2 2 1218 248 163 163 -1 -1 -1 -1 
73 2 3 1654 832 208 237 -1 -1 -1 -1 
73 2 6 332 230 143 128 -1 -1 -1 -1 
73 2 10 1075 82 96 80 -1 -1 -1 -1 
73 2 13 789 144 102 112 -1 -1 -1 -1 
73 2 14 592 154 101 116 -1 -1 -1 -1 
73 2 16 501 52 87 80 -1 -1 -1 -1 
73 2 18 912 40 78 83 -1 -1 -1 -1 
74 2 2 1225 250 164 168 -1 -1 -1 -1 
74 2 3 1666 847 198 227 -1 -1 -1 -1 
74 2 6 328 235 144 129 -1 -1 -1 -1 
74 2 10 1077 84 94 79 -1 -1 -1 -1 
74 2 13 790 148 101 111 -1 -1 -1 -1 
74 2 14 590 150 99 127 -1 -1 -1 -1 
75 2 2 1224 250 166 169 -1 -1 -1 -1 
75 2 10 1077 84 94 79 -1 -1 -1 -1 
75 2 13 790 149 101 110 -1 -1 -1 -1 
75 2 14 589 150 101 128 -1 -1 -1 -1 
75 2 16 500 55 87 82 -1 -1 -1 -1 
75 2 18 911 44 81 84 -1 -1 -1 -1 
76 2 2 1231 253 164 178 -1 -1 -1 -1 
76 7 6 321 253 143 127 -1 -1 -1 -1 
76 2 10 1077 88 99 77 -1 -1 -1 -1 
76 2 13 787 156 106 116 -1 -1 -1 -1 
76 2 14 588 162 101 130 -1 -1 -1 -1 
76 2 16 501 60 83 80 -1 -1 -1 -1 
76 2 18 912 48 83 85 -1 -1 -1 -1 
77 2 2 1236 257 164 181 -1 -1 -1 -1 
77 7 6 314 254 145 139 -1 -1 -1 -1 
77 2 10 1078 90 99 77 -1 -1 -1 -1 
77 2 13 785 159 110 117 -1 -1 -1 -1 
77 2 14 585 170 105 130 -1 -1 -1 -1 
77 2 16 498 66 87 79 -1 -1 -1 -1 
77 2 18 912 51 83 85 -1 -1 -1 -1 
78 2 2 1236 263 169 177 -1 -1 -1 -1 
78 7 6 308 262 148 142 -1 -1 -1 -1 
78 2 10 1079 90 98 78 -1 -1 -1 -1 
78 2 13 786 163 107 123 -1 -1 -1 -1 
78 2 14 579 169 108 138 -1 -1 -1 -1 
78 2 16 496 70 88 78 -1 -1 -1 -1 
78 2 18 914 55 83 86 -1 -1 -1 -1 
79 2 2 1240 270 171 175 -1 -1 -1 -1 
79 2 6 296 268 161 139 -1 -1 -1 -1 
79 2 10 1079 91 100 79 -1 -1 -1 -1 
79 2 13 787 167 107 129 -1 -1 -1 -1 
79 2 14 576 182 109 135 -1 -1 -1 -1 
79 2 16 495 72 86 78 -1 -1 -1 -1 
79 2 18 915 62 85 83 -1 -1 -1 -1 
80 2 2 1239 271 173 174 -1 -1 -1 -1 
80 2 6 296 269 161 138 -1 -1 -1 -1 
80 2 10 1078 91 102 80 -1 -1 -1 -1 
80 2 13 786 167 109 129 -1 -1 -1 -1 
80 2 14 576 183 109 134 -1 -1 -1 -1 
80 2 16 494 72 88 79 -1 -1 -1 -1 
80 2 18 915 63 85 82 -1 -1 -1 -1 
81 2 2 1248 278 172 177 -1 -1 -1 -1 
81 7 6 288 279 161 148 -1 -1 -1 -1 
81 2 10 1085 91 101 83 -1 -1 -1 -1 
81 2 13 788 173 112 129 -1 -1 -1 -1 
81 2 14 574 187 110 136 -1 -1 -1 -1 
81 2 16 491 76 94 82 -1 -1 -1 -1 
81 2 18 920 70 85 82 -1 -1 -1 -1 
82 2 2 1252 284 175 179 -1 -1 -1 -1 
82 7 6 283 286 165 158 -1 -1 -1 -1 
82 2 10 1088 92 100 85 -1 -1 -1 -1 
82 2 13 788 182 113 123 -1 -1 -1 -1 
82 2 14 574 202 105 134 -1 -1 -1 -1 
82 2 16 488 81 92 80 -1 -1 -1 -1 
82 2 18 922 71 84 85 -1 -1 -1 -1 
83 2 2 1258 288 177 184 -1 -1 -1 -1 
83 7 6 281 290 164 161 -1 -1 -1 -1 
83 2 10 1088 93 101 86 -1 -1 -1 -1 
83 2 13 789 186 112 123 -1 -1 -1 -1 
83 2 14 567 202 113 144 -1 -1 -1 -1 
83 2 16 486 82 87 81 -1 -1 -1 -1 
83 2 18 923 73 84 87 -1 -1 -1 -1 
83 2 21 1017 13 84 49 -1 -1 -1 -1 
84 2 2 1261 292 178 187 -1 -1 -1 -1 
84 7 6 276 299 164 161 -1 -1 -1 -1 
84 2 10 1091 94 98 88 -1 -1 -1 -1 
84 2 13 788 194 117 123 -1 -1 -1 -1 
84 2 14 563 204 116 153 -1 -1 -1 -1 
84 2 16 482 85 92 82 -1 -1 -1 -1 
84 2 18 927 71 79 88 -1 -1 -1 -1 
84 2 21 1017 13 85 51 -1 -1 -1 -1 
85 2 2 1261 293 178 185 -1 -1 -1 -1 
85 7 6 276 299 163 161 -1 -1 -1 -1 
85 2 10 1090 95 100 88 -1 -1 -1 -1 
85 2 13 788 195 117 122 -1 -1 -1 -1 
85 2 14 562 204 118 154 -1 -1 -1 -1 
85 2 16 481 86 94 82 -1 -1 -1 -1 
85 2 18 926 71 81 88 -1 -1 -1 -1 
85 2 21 1017 13 85 52 -1 -1 -1 -1 
86 2 2 1269 294 179 202 -1 -1 -1 -1 
86 7 6 272 304 164 164 -1 -1 -1 -1 
86 2 10 1092 98 100 87 -1 -1 -1 -1 
86 2 13 791 199 115 129 -1 -1 -1 -1 
86 2 14 562 211 113 163 -1 -1 -1 -1 
86 2 16 476 91 97 82 -1 -1 -1 -1 
86 2 18 928 74 82 93 -1 -1 -1 -1 
86 2 21 1019 12 82 54 -1 -1 -1 -1 
87 2 2 1272 303 183 198 -1 -1 -1 -1 
87 2 10 1093 99 102 88 -1 -1 -1 -1 
87 2 13 791 205 113 133 -1 -1 -1 -1 
87 2 14 558 226 116 157 -1 -1 -1 -1 
87 2 16 475 95 94 83 -1 -1 -1 -1 
87 2 18 928 78 85 93 -1 -1 -1 -1 
87 2 21 1021 11 82 56 -1 -1 -1 -1 
88 7 2 1280 313 179 194 -1 -1 -1 -1 
88 2 10 1092 97 104 95 -1 -1 -1 -1 
88 2 13 794 208 111 138 -1 -1 -1 -1 
88 2 14 555 231 118 160 -1 -1 -1 -1 
88 2 16 473 97 96 86 -1 -1 -1 -1 
89 2 2 1277 321 191 199 -1 -1 -1 -1 
89 5 6 238 335 183 174 -1 -1 -1 -1 
89 2 10 1094 99 102 93 -1 -1 -1 -1 
89 2 13 793 213 115 140 -1 -1 -1 -1 
89 2 14 552 249 119 152 -1 -1 -1 -1 
89 2 16 471 97 98 90 -1 -1 -1 -1 
89 2 18 930 87 87 95 -1 -1 -1 -1 
90 2 2 1276 322 193 199 -1 -1 -1 -1 
90 5 6 237 336 183 174 -1 -1 -1 -1 
90 2 10 1094 100 102 92 -1 -1 -1 -1 
90 2 13 793 214 115 139 -1 -1 -1 -1 
90 2 14 552 250 119 151 -1 -1 -1 -1 
90 2 16 470 97 100 91 -1 -1 -1 -1 
90 2 18 930 88 87 94 -1 -1 -1 -1 
91 2 2 1284 332 197 202 -1 -1 -1 -1 
91 5 6 231 342 186 177 -1 -1 -1 -1 
91 2 10 1096 108 104 88 -1 -1 -1 -1 
91 2 13 791 223 125 139 -1 -1 -1 -1 
91 2 14 548 257 120 164 -1 -1 -1 -1 
91 2 16 466 107 101 89 -1 -1 -1 -1 
91 2 18 932 95 93 95 -1 -1 -1 -1 
92 2 2 1289 334 199 208 -1 -1 -1 -1 
92 2 10 1098 111 105 87 -1 -1 -1 -1 
92 2 13 794 228 120 144 -1 -1 -1 -1 
92 2 14 544 257 123 175 -1 -1 -1 -1 
92 2 16 464 110 101 90 -1 -1 -1 -1 
92 2 18 934 96 91 98 -1 -1 -1 -1 
92 2 21 1025 12 89 62 -1 -1 -1 -1 
93 2 2 1293 341 203 206 -1 -1 -1 -1 
93 2 10 1101 112 102 88 -1 -1 -1 -1 
93 2 13 789 233 129 146 -1 -1 -1 -1 
93 2 14 538 266 132 181 -1 -1 -1 -1 
93 2 16 464 111 98 91 -1 -1 -1 -1 
93 2 18 935 103 94 94 -1 -1 -1 -1 
93 2 21 1026 12 86 63 -1 -1 -1 -1 
94 2 2 1303 351 200 206 -1 -1 -1 -1 
94 2 6 196 381 200 186 -1 -1 -1 -1 
94 2 10 1101 113 104 89 -1 -1 -1 -1 
94 2 13 792 236 128 151 -1 -1 -1 -1 
94 2 14 534 283 134 175 -1 -1 -1 -1 
94 2 16 461 114 102 93 -1 -1 -1 -1 
94 2 18 937 106 95 94 -1 -1 -1 -1 
94 2 21 1026 10 88 67 -1 -1 -1 -1 
95 2 2 1303 352 199 205 -1 -1 -1 -1 
95 2 6 195 382 199 186 -1 -1 -1 -1 
95 2 10 1101 114 104 88 -1 -1 -1 -1 
95 2 13 791 236 130 152 -1 -1 -1 -1 
95 2 14 534 284 134 174 -1 -1 -1 -1 
95 2 16 461 115 103 93 -1 -1 -1 -1 
95 2 18 936 106 97 95 -1 -1 -1 -1 
95 2 21 1025 10 90 67 -1 -1 -1 -1 
96 2 2 1316 358 205 215 -1 -1 -1 -1 
96 2 6 183 395 201 203 -1 -1 -1 -1 
96 2 10 1114 110 95 94 -1 -1 -1 -1 
96 2 13 791 248 130 159 -1 -1 -1 -1 
96 2 14 532 290 135 176 -1 -1 -1 -1 
96 2 16 458 117 100 94 -1 -1 -1 -1 
96 2 18 940 112 98 94 -1 -1 -1 -1 
96 2 21 1027 9 90 71 -1 -1 -1 -1 
97 2 2 1321 363 207 217 -1 -1 -1 -1 
97 2 6 173 407 205 205 -1 -1 -1 -1 
97 2 10 1114 111 95 96 -1 -1 -1 -1 
97 2 13 789 256 135 159 -1 -1 -1 -1 
97 7 14 519 296 144 191 -1 -1 -1 -1 
97 2 16 455 122 101 97 -1 -1 -1 -1 
97 2 18 942 114 96 98 -1 -1 -1 -1 
97 2 21 1025 10 92 74 -1 -1 -1 -1 
98 2 2 1325 370 207 220 -1 -1 -1 -1 
98 2 6 166 415 207 208 -1 -1 -1 -1 
98 2 10 1116 114 94 94 -1 -1 -1 -1 
98 2 13 791 262 137 159 -1 -1 -1 -1 
98 7 14 515 302 147 195 -1 -1 -1 -1 
98 2 16 451 132 105 93 -1 -1 -1 -1 
98 2 18 942 116 97 102 -1 -1 -1 -1 
99 2 2 1321 369 216 234 -1 -1 -1 -1 
99 2 10 1115 117 94 94 -1 -1 -1 -1 
99 2 13 793 267 134 161 -1 -1 -1 -1 
99 2 16 450 137 104 94 -1 -1 -1 -1 
99 2 18 942 117 103 108 -1 -1 -1 -1 
99 2 21 1027 11 93 78 -1 -1 -1 -1 
99 2 23 783 20 68 49 -1 -1 -1 -1 
